V1,V2
94.70697279479262,-0.4102140532420931
86.97508963203691,-0.11954083237236639
120.96687947356267,-0.9029450473331792
100.1755053561207,-0.4458741516068363
75.05534384281472,0.05912839844642417
99.20041139003372,-0.423283626826527
94.31243679474362,-0.33790029995714926
92.8292245672279,-0.3195771085289702
77.0197159090909,0.016448863636363685
104.8363091954023,-0.5650003831417625
87.88832941308243,-0.22960069444444453
87.13461164327616,-0.1943443231603178
92.73481608827763,-0.33013833359987205
121.47807241430478,-0.9009185339071076
101.37181178977272,-0.49718110795454545
95.58506914843232,-0.413046793596666
82.52961667286937,-0.126532936360253
101.81231972198088,-0.5211033883579496
96.63685841632427,-0.47351765443276017
87.72346537868333,-0.22028533160159108
84.56342441533391,-0.13232580567387286
84.3682209572677,-0.16299647238034165
87.13137255596489,-0.199056035704166
102.1030920263789,-0.5033078537170264
80.35314355081384,-0.036281972370400886
94.48893097265801,-0.36427386822052904
104.84662192063728,-0.5950538427496685
104.35039073117696,-0.5603421446045121
98.72657527916826,-0.4576488255679631
115.4023870907038,-0.7938290365073389
113.87453588331886,-0.7830174828552112
117.3331183379392,-0.8200695815238845
100.82276652326945,-0.5155639421196714
107.02547268262738,-0.6041303458154287
110.05625345440188,-0.6879707856296879
86.49590954187336,-0.21208754012255637
81.99191319246145,-0.06146773272415768
86.9928947368421,-0.1943547719987591
65.829777482563955,0.22174692793091946
91.98531827318848,-0.32632047477744824
98.22883451957294,-0.3761084600452927
101.15252764227643,-0.4849422764227644
99.66245436924568,-0.49221733161040243
91.29026315789476,-0.2666275303643727
56.50929532293988,0.45188908685968804
90.17602797267358,-0.24052668020679493
115.05602089682192,-0.7606878537222461
86.8558611644274,-0.17996705054382617
72.85552583538377,0.1275200412731168
109.46190784155215,-0.6483188493667478
79.54164096236892,-0.04569093152375105
78.66904374828752,0.023326331171796447
101.84210219968577,-0.5433527353235253
93.53311754520969,-0.3450389572912659
72.83274566935418,0.09474135866528316
110.10851915123177,-0.6520347059881314
111.4363020940611,-0.7336453827669069
85.15048673435965,-0.1489642974123813
77.7016549671906,-0.01770257897146363
89.28661718113514,-0.2973793790169277
99.84393564003987,-0.4364808486401824
68.13408639523338,0.14571940858435353
89.31636744822868,-0.2813922642478182
76.3237229190422,0.06936335993918633
82.36334958802757,-0.09871615940810487
108.45567519128697,-0.6526525125801339
111.6307173495045,-0.7330609377311044
107.32848816029144,-0.6535701275045538
86.269137023651,-0.1544137974763807
108.51390522772027,-0.6532230197548119
99.50424801005445,-0.4758008658008656
91.11639404296875,-0.31997151692708353
101.60053519398865,-0.4856525072841589
94.01010697159721,-0.30364994466986395
93.24562406133904,-0.3299225357679238
103.48744776828113,-0.5901360059693397
80.68104253277903,-0.07477494403581712
93.27433942713347,-0.27707941677151976
91.41078141382926,-0.28984713867888084
68.45794120791022,0.20148156066274692
108.97834073441501,-0.6518778821520067
71.51494232036916,0.10477224785761333
109.03206092891627,-0.68239720326286
103.75516836416546,-0.528169819164415
104.28531654016182,-0.5545854533322213
87.16576885880077,-0.24183268858800788
93.21007281394894,-0.36264317899823684
85.26813073726932,-0.16226060488936148
83.15391200361013,-0.05702752707581258
92.79685880553905,-0.33605173732053367
85.74899314707432,-0.1934238270954137
97.47740435356201,-0.3893519129287601
91.02823278488727,-0.25817794028031693
77.40887229862477,0.011715127701375035
92.46960337005834,-0.29674108878807537
104.73613506059947,-0.581372015385732
82.63787993382181,-0.1032114157409598
104.67245235745199,-0.5851195808974262
111.53183721530421,-0.7279569649654817
96.62113584827873,-0.44373325087610827
110.55912290222929,-0.662500208733406
118.47764705882352,-0.8884800657946266
95.4720737184451,-0.3596768365081824
100.32792850595786,-0.5364894592117327
73.32866735286996,0.09210159844998778
96.22914669352132,-0.321381000335683
97.94365544592767,-0.4145086090152839
65.44158564637327,0.28607575525226164
109.14431406384816,-0.6472648835202761
87.74645405405406,-0.22123320463320478
87.38263391059202,-0.23226741844542886
81.59742567077592,-0.11018355692530812
92.69331059532247,-0.3419055634301914
88.59562868499502,-0.23333189797946327
87.79924492783937,-0.18072439517534714
72.41639337188231,0.08044446362302542
105.21565309704451,-0.6083028535839656
97.9624640412276,-0.39639835397277146
78.96787964458805,0.008047253634894702
70.780057715075,0.0921216456195736
110.54626013986015,-0.701516083916084
82.98967774169375,-0.17967524356732498
78.63961895831558,-0.07932401329809921
84.31764946525627,-0.1267564724446262
99.60572362052274,-0.4105074217489513
87.27129845799105,-0.1929341403660468
96.5454968690444,-0.3830002722570108
103.64153154263184,-0.5429213898472155
87.90307623718236,-0.2334774855104773
94.84924684000262,-0.324343768419674
78.02286499746236,-0.017363390289291257
65.80036495670797,0.3161460757843772
92.65039367951923,-0.2981325545276524
103.87815377460858,-0.5547085723143698
106.75710693960758,-0.6358935700331267
94.41913391416585,-0.3467728299451434
84.58740800367985,-0.12194533885311257
103.38013184584179,-0.5990542596348887
99.0466692347201,-0.4435944187639103
96.14063642840182,-0.400477321301354
91.13933701657459,-0.27812461632903634
87.93234312135952,-0.20967723533297308
85.78240317432936,-0.24736263262313504
93.82901237623764,-0.3646361386138615
72.74078054587197,0.08907023212311835
108.28668046928917,-0.6611732229123534
105.01925783560024,-0.5895227675931405
64.74992812438882,0.2685443966360257
103.76281975517097,-0.6014140987758548
117.1183166073163,-0.9030225531455708
87.03573200992558,-0.23655086848635273
116.88749618320611,-0.8236176266481611
102.49388498920086,-0.4859806965442764
69.9472748815166,0.15416962875197437
89.48752619365727,-0.2958199142113776
81.7389749430524,-0.08387243735763109
88.40451219512195,-0.18547659097280636
101.60693452661329,-0.4668836552048989
105.46862209523809,-0.5776415238095237
95.86274877526026,-0.41121134415186794
109.78279352226721,-0.6626366396761133
99.26334159758272,-0.5182583094444879
108.14385830324909,-0.6450731691593604
103.40063192814954,-0.5318197265150904
85.54374153910236,-0.19135999166927
100.92187741437033,-0.5045634818439352
85.97935261444168,-0.18613292472706403
96.46476030400467,-0.3972285150540777
109.12364678549666,-0.6458527574649606
94.77192764241497,-0.32462145737490783
81.85667755667755,-0.10524898524898538
98.4446790299572,-0.39401806942463147
73.60817502335723,0.09847814803280333
81.66792663476873,-0.0713741481803681
82.32337732342006,-0.1094405204460966
113.52690958904111,-0.7479758904109592
90.54900468925435,-0.26804966646852924
77.89474318767859,-0.054542825283991896
101.3434078655249,-0.5417237551538218
73.5140343803056,0.09506578947368421
89.35313644688647,-0.24980311355311383
102.87209317842846,-0.5268588586231259
93.94864954892438,-0.36547120055517035
99.44453684210526,-0.45561052631578985
82.85109216471993,-0.07315627930769875
65.99214626455371,0.26851431112548474
116.33313937253612,-0.8385968298291719
102.1300118623962,-0.49084816132858844
127.54761552165684,-1.068101269346398
117.1492691671263,-0.8625436661150948
88.06070110701108,-0.20584556803014856
85.12290279442959,-0.11348473669648644
90.07720998263096,-0.25991589724837755
116.84892705549441,-0.828389011161767
72.00709759188848,0.09835721945988074
89.1815213326534,-0.2505949345571989
78.22654205210898,-0.017500212170075656
98.52813369272238,-0.444680862533693
74.07800601837188,0.07752098511244848
91.58449622844829,-0.27776804956896584
111.64777972152802,-0.6990614066404855
88.68949876456054,-0.21421284857042017
96.00248226950355,-0.3975177304964539
66.188389604811,0.21773668384879716
98.03064863102999,-0.476965449804433
81.2742575794721,-0.11705033913540933
103.42450784293085,-0.5791430676913362
125.26139962172385,-1.0056660362064307
83.42009453072251,-0.1724713031735317
95.65395260167465,-0.36468226674641163
96.71710141509435,-0.354242924528302
107.55654390298675,-0.6387401751628115
78.04318623326961,-0.023476864244742022
117.89838041656694,-0.8691943978932251
102.5510365497076,-0.49009307992202733
102.81346503399473,-0.5392337310947692
83.61646250620758,-0.0895447773547428
76.77764271611298,-0.012470169113228746
88.85109744850907,-0.24459883184752548
111.77508135686708,-0.6975889409817981
126.97682614687929,-1.0865701909824765
118.10655932079338,-0.8576279001683379
87.52080451073643,-0.19673187779218934
108.35382806163828,-0.6906275344687753
77.18432614349092,-0.020326219978583658
100.09447939526945,-0.4639819556205806
81.40181234773308,-0.077334363301444
90.07524193548389,-0.2583064516129034
96.46724000531279,-0.37880993491831577
128.96443856008014,-1.0625241537250412
77.94161750082864,-0.06784554192906876
96.2363353765324,-0.45679947460595455
93.97666868774363,-0.3312663490688612
91.85578423986742,-0.30013861684496024
113.92153216640148,-0.8132155035235283
84.65036888239592,-0.20103360116873642
91.49160384715364,-0.2688159604886928
98.67519795738242,-0.45196129113604855
114.14358550039401,-0.7407131599684791
99.8308156162518,-0.49098244684875564
111.49653257611612,-0.6850938633853922
78.86526141188959,-0.02949973460721864
90.27474805771365,-0.2428083610802812
72.6855805759804,0.12625051062091505
100.17406238922369,-0.4570604395604398
98.74711062952963,-0.45153083700440527
94.18280919109704,-0.37964380897500555
110.50926868044515,-0.7205638579756227
87.45034443459545,-0.21349879701152394
74.4284393063584,0.09075144508670506
93.5103047746857,-0.2970084051419692
72.17945246690734,0.07412154031287604
86.65139173539949,-0.14967466466716653
101.46510445257701,-0.45776684964928366
108.5152482139586,-0.5935308664590584
76.05802605942523,-0.0017295827244684936
100.64523122784402,-0.5040372220431841
105.05022701561204,-0.6674296704125499
102.46240128068304,-0.5026524915852559
99.80053777990022,-0.46513822561816814
105.46770844257998,-0.5556489250131096
90.82313796282074,-0.3134114303272396
92.70171629843101,-0.35909061799551745
105.2830130574033,-0.5936074156196108
79.63857265840221,-0.025308195592286652
89.21992063492064,-0.23246972369194602
95.98376861644722,-0.37610115835671637
114.18912912308932,-0.7476619066773936
83.71477343948504,-0.13730583552130082
105.60238973008559,-0.6012244897959186
112.14165081967215,-0.7854442622950821
124.62483637416739,-0.9902200984651032
112.38339285714285,-0.7933545918367346
138.1739638962016,-1.3334166980067697
92.57993740219095,-0.3385758998435057
99.73641718052309,-0.5042377206038704
99.3168259265765,-0.5153442824521344
73.99341482871891,0.09765978413890174
104.4330182760502,-0.5394094380796511
68.55287431012998,0.20172289478369201
118.49609987005755,-0.8719556339335438
80.36540408300996,-0.08333389573139893
105.31750718243383,-0.5764431561666326
100.48578988734607,-0.5371434809186971
98.50725294650952,-0.4706516319129647
87.56583499005964,-0.20124005964214736
120.84786418984977,-0.8972575771042571
104.80728300180832,-0.5754927667269439
103.93023270573303,-0.5728427120795434
99.16404725157307,-0.4451644307253946
89.39658881424779,-0.19416614591470105
104.50552404438966,-0.5391101520756271
103.59470165745857,-0.5438226519337019
115.72140105860596,-0.849798801096869
89.16555077658303,-0.2618024691358024
103.26599729016615,-0.5507437780788705
75.81320679761643,0.047366659309938726
87.39242009513478,-0.20089710423099416
85.23705010723339,-0.14687658412946017
104.83537976690715,-0.5731614207563623
85.64462901193387,-0.2078433770661923
107.29748449399388,-0.6312852320012562
91.73598229791047,-0.28916923421657037
86.7679832935561,-0.15510143198090706
82.43009615384616,-0.13438701923076948
90.05469068541302,-0.2532130931458705
120.80006928001401,-0.9331290011400506
90.25488979736936,-0.23050942054745827
80.37922150195695,-0.033449730919765136
93.30858101808691,-0.36005780346820837
89.70293620123951,-0.25439591687932905
106.28646577017115,-0.6190351466992664
101.89081087172092,-0.4918538718110521
89.55149469548134,-0.23239803536345785
107.08790813546128,-0.6216481121058778
79.37696136182109,0.030724341054313008
88.90860281108709,-0.2785575977983096
93.57507723743359,-0.3519223539027381
101.60255414793625,-0.5263404168369433
83.17100461580236,-0.13143316137207026
97.36276078590237,-0.42837688204712726
88.33233251745082,-0.21580047139878522
91.41216418442244,-0.33365139314473025
70.88127063162747,0.10964084831719682
109.17428086070217,-0.6186199644070542
94.71362867098058,-0.36403807864609256
108.47132302564577,-0.6422405332839555
74.16771898175989,0.053145419923832184
101.18359252304542,-0.48630334585182666
81.563651974814,-0.06724098454493449
96.25727934485897,-0.3824770452477462
103.94939694904252,-0.5771496267445637
95.24574540503744,-0.33805650102110274
103.88804080987029,-0.6241939259727936
123.42269520285785,-0.9705313855575399
91.55860465116281,-0.2673183139534887
102.24748675974965,-0.5051492537313435
113.8884184914842,-0.7513718884521807
81.20779944729573,-0.08989222266087694
111.39926041666666,-0.7157740885416668
82.71940544687382,-0.10579708477176868
83.05402966625465,-0.1322156983930781
123.32593184238553,-0.9709211927582537
92.06747635296936,-0.29790738745210743
102.50397546114682,-0.5264360237041984
108.13236756756758,-0.6751162162162165
97.1281359423275,-0.45627188465499485
100.14598482304747,-0.4734010476126519
111.9924877404753,-0.7733968313843834
90.4466740298947,-0.30429128930122945
120.89717623663932,-0.9187223465075814
90.76580659418367,-0.2846839918677626
94.39210090361446,-0.3257821912650605
86.25017573890223,-0.21631518886226234
115.77921350685897,-0.762515652479775
94.23016915280851,-0.30907786738990806
69.67134159945086,0.19346018534408754
76.0214163614164,0.038064713064712395
66.1817945163278,0.2284018792359825
81.97492300976268,-0.07793753472497823
112.73073718401355,-0.747444569975992
115.71638195472816,-0.7732679289189761
50.899600080385866,0.5716338424437295
74.62596725549332,0.0802644334338647
91.86138778423575,-0.31371571326603453
79.4798327320433,-0.01979239094785187
99.71325026754319,-0.4340047393364929
105.62413517441861,-0.546259084302326
80.60515476480626,-0.09095661710943248
102.06457974530018,-0.5083335354760462
79.14368877643231,-0.019074643050786322
77.97403495561194,0.0048688173747618935
91.3669498825372,-0.2911781519185592
105.97834685669936,-0.6342351654554435
98.01717868338558,-0.4435031347962383
98.8706510851419,-0.4308089462830208
79.368571569013,-0.02818685279853211
116.65847662346475,-0.8517109995250052
94.80585481842476,-0.40816734790127335
78.89396392652314,-0.014140137976892996
119.85398395721927,-0.8842449197860964
88.33681617941531,-0.2209191029235083
93.58687853577372,-0.34504908485856917
100.14058976056494,-0.47146778108793996
93.95225399094592,-0.3201453419108888
100.61307328676381,-0.5109240635914728
92.79359109854123,-0.3262559541530216
93.19695461200588,-0.3317276720351394
98.10820933165196,-0.3744640605296345
92.2730929632471,-0.28623474440337554
76.13818840579711,-0.0043115942028986946
73.31221964097149,0.1012096092925025
94.76293120975942,-0.3320816672314471
86.3269032457496,-0.1391786707882534
85.64338740458017,-0.17133667302799002
89.56504756575266,-0.20524715538145888
80.12585339638865,-0.09141981943250224
85.46700018914319,-0.1971174579156421
93.0032678306355,-0.28898989184986246
105.90636883488206,-0.6136222301644033
93.88706012134585,-0.3411665747380037
96.09759710169348,-0.3980743954840341
80.15188749534336,-0.06730007450639527
72.10252998737374,0.14257733585858584
107.04323396136418,-0.6422716432148821
120.50055158324821,-0.9375893769152196
108.10254896177442,-0.632656323737612
80.0860807541083,-0.0691254158685355
107.95725853304285,-0.6679016380214639
76.83172338090013,0.01395444566410485
94.25783028775467,-0.3510228943499267
95.31564361309377,-0.3240979571745016
115.75423939109584,-0.8102648316129707
92.3283503649635,-0.3156788321167883
109.80344513708833,-0.6383805924863464
92.89329771146285,-0.30831031353967137
94.67100331452117,-0.31115381169936385
90.1506326865264,-0.2970934681606999
84.1937689969605,-0.1634136882926322
92.48644110935581,-0.29696989643672134
106.66259716327899,-0.6166556846102301
67.95213554987211,0.164353687127025
59.30258559968697,0.39158970847192287
96.97467009897031,-0.43438718384484665
85.33561903160727,-0.16446166778749144
79.15679989318141,-0.014120972049136678
106.50133609166137,-0.6303940165499682
95.72133359253502,-0.41505140832901355
106.62886751042507,-0.6354608969200383
69.71701654987328,0.1396190547189501
107.85720987568583,-0.6181529967358848
113.85801822663777,-0.6948102636886531
86.02496611406528,-0.16387446564487557
110.48862278042442,-0.6974583152880033
76.12319192556379,0.01485609525311465
82.60411652447239,-0.07483329591378549
98.56950564421955,-0.4256033476060726
122.06307120743034,-0.9539021671826626
92.00807838397792,-0.3300202866022101
83.24631427271349,-0.11128317912937977
66.4644517256444,0.28751856705985124
85.06413353623739,-0.15973178618984224
88.47898055581031,-0.22947032926717378
53.98481407640949,0.4610167841246292
80.62214982042072,-0.0247998973832734
105.96571295591096,-0.5994753321485992
109.54495016189448,-0.6521843057583645
81.3711810899953,-0.10718234647400679
102.34932796254218,-0.5403153618398404
96.45431665203395,-0.4655892108087018
106.03470036101083,-0.6378014440433213
67.6841829724324,0.180430907035394
119.1661773700306,-0.833455657492355
103.49181429681431,-0.546327964964329
110.13637121087541,-0.7518544099106506
86.94839632191665,-0.18842373882233837
87.04556770729769,-0.20878902366275628
99.96271559759718,-0.4417047573016639
89.1000797773655,-0.22210621521335805
95.80162901723335,-0.38606854525694784
82.45731323266443,-0.13654629445658692
89.54068919205486,-0.26403124337315337
92.28494337248323,-0.2769400167785236
103.57249882997928,-0.5739122150163802
107.99177411900635,-0.6423798382437897
93.22050525430852,-0.3554190836485917
78.17527671625496,-0.018516104817797283
80.60008979475484,-0.04731423413150877
81.5486469673406,-0.04352449455676533
76.21000256956172,0.05747779164525354
97.5378060799556,-0.4106808717379236
78.00253887762001,0.0056791375554051775
85.03998873197116,-0.15140099158653864
62.205558038208046,0.27856105463076686
80.21738329849707,-0.09054543644869126
106.9701029941882,-0.5958920032369605
82.42398030942334,-0.11256485388341932
108.64849021084336,-0.6820656061746989
100.01232521537445,-0.510373591782638
84.184453474871475,-0.20179300049759527
90.3627660940761,-0.31581232942687415
113.70512867794437,-0.7781616291188969
119.56332697429991,-0.8969609819307467
87.30944891172913,-0.19069256348246666
88.73221622967141,-0.23467059409226668
113.65282250724039,-0.7723475382705834
82.67340926412058,-0.11853459226014064
82.15024353577874,-0.13048406494287476
106.19722911432162,-0.5599281564070353
93.51755397165459,-0.2984447099538564
89.07674609405667,-0.22347530815733682
108.43982181193647,-0.6852751538571636
97.66673499357523,-0.4710212323318851
98.73944059669688,-0.46279168886521066
85.78468965001495,-0.16635170505533944
78.80952915869982,-0.07978059273422569
107.43876614520659,-0.6355507420778181
115.35383605760467,-0.8028516740596706
100.05328112965341,-0.5150432178005991
111.88593454980978,-0.6714826687332676
92.6260300543536,-0.3354151124373867
87.90540692180485,-0.20032660051972595
82.7896367213115,-0.12569901639344289
109.9620353385487,-0.6847545184785544
98.71350141417712,-0.3872003712214955
90.58509180609181,-0.34096482196482214
114.55112053925454,-0.7544254559873113
119.33637599752072,-0.8623123111489889
81.36213595056344,-0.027802980734278695
97.18386042823155,-0.47671530531324346
86.91924163652804,-0.25678458408679955
108.98345204023224,-0.5967834655327501
118.91481444079778,-0.8443170916435244
109.38695529601289,-0.6956846556584777
108.89465397341706,-0.6670273680668497
106.72169172932331,-0.629429254955571
89.70709925778222,-0.2752304198515565
109.23857192148444,-0.7079462505750652
114.7356881091618,-0.7750911306042887
86.63394766880324,-0.19109228202651718
122.35822066751469,-0.8915334060209582
94.63562325023331,-0.3609145447273698
109.73150022316447,-0.6932598750278958
91.8990854037267,-0.2987802795031056
131.77654364353768,-1.1883519391781352
96.4128355978261,-0.3734517663043481
86.62517873021521,-0.21072825893651104
98.74994908032838,-0.44107658734282457
106.82402957983192,-0.6767468907563025
97.10172403604669,-0.432966834096617
64.49551652892563,0.2933797896318554
96.59366197183098,-0.4603380281690143
104.7147482658313,-0.5651167300663835
99.66906137854227,-0.5033566390298234
94.89657493745737,-0.37222481237207217
99.71033535829407,-0.3977690304983883
96.02319852941176,-0.3484567179144385
106.54586524478916,-0.5972249151720797
89.9030476340943,-0.2796152934670984
85.27998249452955,-0.1644704595185998
86.3405317577548,-0.23016248153618907
98.61310795236267,-0.4335728006146755
112.768101686747,-0.7965971084337352
110.1443061154766,-0.6983402801503247
95.13120226895407,-0.33389918834163457
91.0199402609145,-0.26699270214414883
86.0046164021164,-0.15123677248677245
114.5069662880966,-0.8062345457159288
72.26951113861386,0.09014696782178212
73.52467700987309,0.04767418899858922
77.5828306878307,-0.014090608465608535
93.79477364138062,-0.3468183518847632
102.3467491651935,-0.5139661494139989
66.45652394170716,0.294281054823039
104.75350849673204,-0.5105562091503268
106.71686625532284,-0.6390627444164421
79.28284722222223,-0.012302299308878531
109.36633386959403,-0.6459146399167223
93.2836599670982,-0.343470066518847
103.97621443442056,-0.5974196160074025
95.72252089730468,-0.35960295121119085
79.64090071219103,-0.018950216450216332
107.352731745579,-0.6450064175698801
100.99152395712258,-0.5140475267983987
87.77413169114163,-0.30109758408337284
74.7079081525174,0.014146829576574189
63.44129470609067,0.2753014341359769
73.81860779294655,0.08532778725824769
96.37791780182144,-0.3886946368802056
79.6216890080429,-0.04829758713136746
89.10173935617861,-0.20834371754932518
108.71024786502812,-0.6817032909810459
116.02382809729805,-0.7649592227501594
89.38722871514166,-0.2550998594570606
89.67108899186684,-0.2305584452430488
90.17364923498516,-0.27761437162213604
73.62981989036805,0.0303288958496476
110.74378154106688,-0.6994165961049957
118.86602901801868,-0.8360738837831971
93.47352150719156,-0.34145789722466063
97.21401664611594,-0.39620941224825357
104.39204142643605,-0.5964417396255961
94.79342643587728,-0.4091463414634149
98.89447596532705,-0.4314784169512306
87.54846714269128,-0.21863839544874034
82.8034245283019,-0.11068867924528332
78.31181927814626,0.0097967094495649
97.53041094906243,-0.4285300668151446
95.87290153321976,-0.38811277683134604
80.4435752904636,-0.08331128494190744
87.7574017626132,-0.2094125970245797
94.06752055660975,-0.2843300653594772
106.15281692603604,-0.5776333275048088
96.72521584158416,-0.386790099009901
113.76628637220011,-0.7518541971948921
94.22288256227759,-0.3347864768683275
89.17098065601346,-0.23669806560134568
84.22643795620438,-0.1415948905109489
92.34370903099395,-0.3429715888849306
75.58026190239539,0.06397723884305717
106.40939695817488,-0.6056079847908743
96.6719204827831,-0.4012531061412851
108.22097383535419,-0.6808053605615828
96.4827186103766,-0.4025544816266985
83.88421836228288,-0.17910669975186116
88.31150301620758,-0.2110763863652882
95.3467008797654,-0.35413825757575756
110.76286102308738,-0.743007393994266
62.45200000000001,0.3404574468085104
74.4076951770516,0.011840390879478876
91.60848874598072,-0.2850259708137524
81.17302556818184,-0.06172219352617136
90.87631262317187,-0.3245337620578779
99.64447800641874,-0.42156928450066095
82.19686098654711,-0.0557399103139016
68.3013850507741,0.24023014816047938
84.73626654898501,-0.14834657252133004
135.501302672148,-1.2719906217882837
84.80452339776197,-0.1563229908443541
84.5705172413793,-0.16345911729733506
65.34004912176243,0.24524188746650785
89.84455789863117,-0.19909174990751058
106.81222085889571,-0.5639003067484664
108.45964320932318,-0.6121295383236217
130.91640939375947,-1.094130879345603
100.46813113680997,-0.5253032947850756
132.58304126625214,-1.1987634256642177
92.56781597311966,-0.3230550529852676
118.71854777070064,-0.9236815286624205
93.52017082964677,-0.33528006533723553
114.9758829242451,-0.8020717817411267
94.29981862479697,-0.35644333152860497
103.55744032663318,-0.5327606783919601
116.18859902710216,-0.8111132731063239
91.13257779468968,-0.3076327583291056
80.35759722066571,-0.1028998094811164
94.44840931134821,-0.3886707521382595
96.47137491419045,-0.3968456408747671
103.88302270472833,-0.5509759726661526
101.22085144723505,-0.4762580245523145
99.48651301228726,-0.4623479355872701
101.68245695309938,-0.5085277959986881
75.79939676758481,0.0378300705668106
114.18226997080184,-0.8054282398742235
89.944836120903,-0.2465184129603238
98.44010344141634,-0.4057496187255487
93.99492051297204,-0.3221387624844868
76.98818444610221,0.056057907497202485
93.43836280028542,-0.35551811622928736
91.13768761109822,-0.300343921477703
113.4288772238312,-0.7484624534546961
77.33383574320418,0.013805089647194542
75.57482811877242,0.022498505380629568
86.82288090128756,-0.2095909334763951
67.0261971966206,0.1547470238095234
83.42382383419688,-0.1419585492227979
91.21642959864036,-0.24921656425676572
102.78687755102041,-0.5424591836734696
86.66199165325824,-0.16013324617859992
85.50382818623609,-0.17900454616711078
88.9220462945851,-0.26434901127333216
96.85165968079963,-0.36086047073996497
105.75024444444445,-0.5733513227513228
95.84958709486459,-0.391826254254847
101.6339614395887,-0.543215938303342
94.49581932773108,-0.3744327731092436
115.0041592920354,-0.7731022615535891
74.516691017316,0.08185335497835501
110.2063711752931,-0.6385616242493566
84.82933474461763,-0.17652688946941766
112.36593038611494,-0.7902688341089169
100.9100371880998,-0.4817982245681382
95.22100292360493,-0.31705796364560823
51.29042656365579,0.5543017999506862
93.15215110178383,-0.3843022035676808
105.12852193995383,-0.581766743648961
123.09635412006801,-1.000807014404581
100.86740006047778,-0.46614333232537053
64.74829865516367,0.20207603823056744
106.25787223655766,-0.6417801101889952
105.23131590046394,-0.5955546183045127
96.90723468028419,-0.43359421255180586
108.32770042038499,-0.678449738181282
115.30475504739852,-0.8353791880743905
101.47133589281518,-0.5277191882786181
77.15302150537636,0.025666666666666345
71.08588799451961,0.09476023291659512
108.82767007434946,-0.6831380111524167
92.31337916937659,-0.35949549382142565
77.00400614754099,0.025215163934426046
88.44587808654552,-0.2597437046695462
80.42616015521651,-0.12172854749096028
98.85266034578918,-0.45134013226037756
105.48429774274454,-0.5545796010987699
102.87308371997815,-0.5617122680131004
99.23542249047016,-0.45192820838627734
89.11349686937132,-0.30191440089201493
99.88169896803423,-0.4837398271667087
75.32807659861652,0.05136156571621363
114.01363639744162,-0.7856109623679908
89.14241612111294,-0.2732288256955812
99.84014925373134,-0.4604477611940299
114.51551298602674,-0.7886015340218713
92.40578431372549,-0.3262699142156865
68.10181732134409,0.1590700425934686
106.44659405491265,-0.6080266243098102
110.47079996841191,-0.6540886835662957
122.40396039603961,-0.9600282885431402
89.17873974870214,-0.25309043713791296
104.34706750639639,-0.5868641343567538
86.98649932679362,-0.19729851894595138
94.31934707792209,-0.3105061688311692
63.178727762803256,0.3653800539083554
86.57826320501344,-0.19906812077805827
104.6731383302864,-0.5622995124923826
95.28894736842106,-0.44298148012590627
108.55588224211023,-0.7054366462552992
92.65918638535962,-0.31711271709989547
76.1337782374845,0.03809557302441023
62.66366950438302,0.3654125927174643
93.38706314451196,-0.36167961576493884
128.6834655172414,-1.0537090517241379
106.37724806201551,-0.6319307170542638
104.5119524513427,-0.5652885562946539
94.16180385597325,-0.3695721454353376
107.31534995828311,-0.6083350329099841
110.44992568630879,-0.68250174855744
94.43618654876286,-0.427369271320466
120.91377317925287,-0.9044056257278509
95.64022080662814,-0.4026852430826956
93.10832781706034,-0.35702798254851825
85.51409705113848,-0.1336368047779022
102.64373801278637,-0.5315590037293555
89.66798405026583,-0.2503426776220399
85.8876926313821,-0.14568496353095226
103.8115310005569,-0.5880169853350661
108.12039544323687,-0.6689154772816552
98.20983945483947,-0.44592785092785114
79.6339023235487,0.014031247723796205
84.84428701594533,-0.15040394836750168
93.27063863971082,-0.37636899183290967
75.96020458609446,0.08441516777111582
75.6999215143121,0.044988457987072905
105.00876580289167,-0.589485576587274
90.01185204480335,-0.21273508726230822
112.58653582554516,-0.7601744548286602
82.8592762084657,-0.13103674766034187
89.35764628317126,-0.2970998846217242
95.10045400238948,-0.3762962962962963
84.74375400805724,-0.1808287429088219
93.01744204520837,-0.25305697985123166
85.763911335578,-0.20629589546256205
89.20995223748992,-0.2739179954441915
102.81919458337265,-0.5725398697744644
110.89591938527906,-0.696938527905096
83.65319879378333,-0.11144900641769116
95.213625911594,-0.3856976484595923
101.23427956311698,-0.47474515157879993
121.81898358263408,-1.0058048157606712
96.06605540897098,-0.4026583113456465
104.39430213142128,-0.5255593753069444
115.99347850559347,-0.8312678533736721
108.83390586995299,-0.665920625912113
102.86444960264379,-0.5203296876229445
115.96828779599271,-0.8568397085610201
73.75951735688187,0.12266595615103508
119.56630895420368,-0.878140806561859
102.18528603859251,-0.49017678774120316
75.77896628498726,0.044506997455470806
56.51578326956882,0.4261829180022746
105.49114856883236,-0.6190704225352116
96.95285085159442,-0.3913625510691358
105.8154239766082,-0.5572470760233921
106.70288771957588,-0.5711160784934324
95.65258961174456,-0.42160257843356447
108.73773294964028,-0.653985323741007
95.88694406812463,-0.3756976969227793
107.51060182203,-0.6423847427993007
85.92234484898636,-0.16163115432354197
92.24769206369346,-0.2929848379115652
101.77535943915098,-0.5123777984352001
87.8267772676081,-0.17292991423373502
105.03566820122765,-0.5662026287696824
103.22673267326732,-0.5550123762376238
95.7157171474359,-0.3930629006410258
79.12661192696964,-0.02581712641397116
88.37361426624261,-0.2559657947686117
115.89118709972553,-0.7854597438243367
67.1635692755431,0.24114073381145373
112.56327449205392,-0.7391636491651581
121.62410649192849,-0.9277213157437947
96.36401659751037,-0.4027302904564316
95.01169397865854,-0.3552915396341462
82.95637093895039,-0.17624330596215654
110.82144730151812,-0.6500504830391517
96.2855808903366,-0.399451682953312
110.9476381699783,-0.7577049590916684
102.29476955771017,-0.533959689201753
106.52654084798345,-0.6175320579110652
101.5443279153767,-0.48901831785345734
107.79472021481138,-0.640708413445601
95.64674645780164,-0.3934726744697704
102.16164484058964,-0.5890198834418926
103.80710682209057,-0.5805197783298299
96.42917038079601,-0.4348127296895773
94.19392259414228,-0.3589225941422597
104.43715394566624,-0.5889665085525372
75.62265363605329,0.035474991464663305
91.69703170589379,-0.34451760357907013
84.87860038095238,-0.1596864761904762
87.21468388985599,-0.22052263016300058
99.91462880508861,-0.47916901408450724
100.18384588400374,-0.534916978484565
105.38295972551262,-0.5917032922146883
62.26540366088632,0.2971396917148361
74.75288179811359,0.020927654023680426
62.068719945042375,0.3440279367987173
113.96340580245092,-0.7524055071607856
84.11456063268892,-0.15107425307557126
107.26524779485314,-0.6711048467763935
95.25565377683108,-0.3795518597411111
116.00532258064517,-0.8253729838709679
98.25055344355053,-0.45756166563522255
96.80996741062611,-0.3725251826980055
94.73383321141186,-0.3831016825164596
97.61445028215607,-0.44964438606732837
78.13090345374579,0.039600547984713755
98.59715174129353,-0.44906281094527356
84.6776321390564,-0.14450975523235182
88.17598322599972,-0.2090377415006741
95.12652495669974,-0.3535336954810267
74.52359982563208,0.12970270270270282
100.57742039500204,-0.5036436920596538
91.6114772934525,-0.2555065657486778
67.93140104217875,0.20993609281289913
103.80384046946317,-0.6019104542490764
105.15891215757301,-0.5630076975322619
108.25656739971492,-0.6192002647118714
79.6178140053203,-0.038395643108778583
79.52282848615258,-0.10101721385437654
104.99175535168196,-0.6264257560312606
95.27843762246897,-0.35374526453298505
102.37416626687684,-0.5304927695154548
80.04409164234137,-0.010854585957904438
75.14263948497856,0.020236051502145625
92.87669203984129,-0.33238885739736024
78.34992442592772,-0.020354132351516306
92.14596956224352,-0.2717059963520294
101.12530934620446,-0.4876133538101505
96.31844583987441,-0.3574882260596546
80.79759913793103,-0.073878448275862
90.62019267822737,-0.23350674373795766
65.81843425796484,0.19528916194540477
111.68149331838146,-0.6999224371554061
105.10089935760173,-0.6034768643515506
92.97903128430296,-0.3196240395170143
88.7406033848418,-0.2594849153789553
99.70687369519833,-0.4742640918580376
93.96696068124476,-0.36730130361648466
109.79900211672212,-0.7179501814333237
101.99093450635387,-0.5396565656565657
81.76376911692157,-0.08418722249630009
88.20944617854276,-0.170167216623562
101.93480397570406,-0.564019878520155
92.87527775846486,-0.34506257387193245
103.42575192802057,-0.5432840616966583
99.56147747818568,-0.47873791368603097
107.90052788974128,-0.6574255623455992
59.573095626465516,0.380864002446732
117.3663345800748,-0.8081536892213534
98.52711348131066,-0.43709041990967645
84.6759662700188,-0.15275968506754983
72.84205137891952,0.05228560634680793
82.80921849560404,-0.1286812113318138
100.14063218895424,-0.49346386864518393
91.71078922665896,-0.3000097479962451
102.7556859883236,-0.5157203919933276
99.74571911559515,-0.46542180959536344
95.8800619350519,-0.387767827251423
99.25127258647393,-0.4502245740836346
98.15660651376805,-0.424029764900424
101.38338790931991,-0.4803820319059613
95.84817448355352,-0.3469820019505278
94.09146236877126,-0.3200379515993888
104.37516823687756,-0.5962844885598928
91.98316747841487,-0.2967431370378569
83.49192356920825,-0.16892119217407173
89.98106555753614,-0.29755595167359883
102.38659506762133,-0.49721758154335716
93.62806658002602,-0.3633899830050987
89.641542302799,-0.2109965012722648
92.51699857527308,-0.3365331644768089
75.31742322291235,0.04994608350586585
82.37148392710894,-0.04992987305487326
106.68349771008627,-0.6391431462349557
97.77201764057331,-0.4460915104740902
101.97791283197475,-0.47599953983697063
82.626445529933,-0.12095933204589349
65.62558859040143,0.24400694234832487
105.98579611803694,-0.605209089474515
79.20758880730305,0.0018317126413967349
126.5867520650057,-1.0424843865422067
103.10015943569425,-0.5188839501401099
86.86673021831474,-0.22183147288353267
99.96921567622951,-0.4504871926229509
112.32801965510848,-0.754225848321899
87.82022471542588,-0.2246169697762659
85.24889477319826,-0.15721390743725544
90.74512591389116,-0.26465881397238045
81.76682420336557,-0.10078589330469058
133.6692661481231,-1.162491545485289
100.85274869109949,-0.5096481267423678
119.86518031870283,-0.8550335476656417
87.57217426710098,-0.23817473243369006
105.33017201263088,-0.5451396044540471
83.81466569058078,-0.10775305026842373
105.89568969756579,-0.5579813130071308
97.5246876148475,-0.3902545020213158
105.31235804753095,-0.6224711825814714
92.21467930842162,-0.3236224205242607
86.40634575168463,-0.209291301990551
76.53507936507937,0.019365079365079217
91.11722813563043,-0.31755514100735227
81.75186907999627,-0.08682453343336796
107.82663744457881,-0.6507453311836626
86.94095875736475,-0.22445099089448298
98.45331457345972,-0.39902942338072667
92.8069516005833,-0.3255148947989726
83.24839713160289,-0.15880264619735432
109.99199679800766,-0.6677185804500582
64.195816194332,0.24411862348178096
115.24219163578614,-0.8003341715193226
131.8218858858859,-1.1765501501501505
95.47537385512074,-0.40305661948376376
92.58452533962418,-0.314094199951192
75.1527509202454,0.042263394683026624
84.29624064957483,-0.12179016686912598
105.12219617374942,-0.5911564999215935
104.99444011897475,-0.606196745691541
112.28890217478533,-0.7712105770002409
78.94729410587411,-0.022807465225657908
95.53430099334012,-0.3408282537532456
73.86323990591926,0.05063177838756024
91.60640502999917,-0.3385551080792306
111.8718733998976,-0.7558531746031748
115.32204374240584,-0.7870209599027946
77.7821713362069,0.019143318965517117
89.18803540480319,-0.25376041924568826
117.93769829824055,-0.8332448802999712
92.88554198473281,-0.3429762011674899
88.80820705507914,-0.24922906904782965
107.19989599265831,-0.6129840929947998
106.59177643699337,-0.5693621039056744
105.32487355953907,-0.5863108194622283
105.46725965066784,-0.6136078086012036
76.67332235060482,-0.017268008665824685
86.87624046548015,-0.1665494817132799
104.6775471698113,-0.5588002461033633
105.70876961004035,-0.5521806364858809
96.8818261176263,-0.35893042941539544
98.8252901252549,-0.49848150305854966
109.63816210045663,-0.6428196347031965
64.55728607290986,0.26059648548351866
106.71480173818576,-0.6220293922385176
116.62432667245872,-0.8184231103388355
96.89731751824816,-0.38325273722627723
111.75946651090344,-0.6879955218068537
97.93527233115468,-0.4084095860566448
101.7640132895113,-0.4824542726493285
106.22759958821949,-0.5796540148599051
99.79599129917456,-0.5344608462854172
88.12077274573518,-0.2120176685621446
112.16714397273891,-0.755932841118842
107.28764151569447,-0.6479869268033714
116.88781300725032,-0.8339189481657832
106.12336697172739,-0.6151826278803726
83.22121505506475,-0.1596260438097545
90.93362250554323,-0.27306659803611016
89.64210399275873,-0.3001156592577697
111.40838380979338,-0.6764361024624965
82.21213114754099,-0.031803278688524665
86.04723802914644,-0.16321434767522588
81.42129152122509,-0.1103777727733365
91.85240660637044,-0.2676366496264257
82.76991317973913,-0.10501482297137087
112.3706403940887,-0.7499384236453206
101.23052319727366,-0.4837096274494618
97.01051212520338,-0.43456961338808414
104.85358952049498,-0.5520847834493426
88.16808398133749,-0.2040248833592536
76.88752801860858,0.05509621484457599
95.96221364805568,-0.4027560901800576
66.89857247497355,0.21809880361357534
106.28338007628449,-0.5749040834642136
97.65535492599076,-0.43621279643482397
88.58693939923157,-0.21984151239958077
96.60973128850438,-0.34059050989644774
98.67275413626184,-0.5037674300989815
107.29228442313013,-0.636067047864982
124.88513850282757,-0.9770842518930319
